Character to attribute mapping:
  A: 2010-human_like
  L: ?
  B: C_IV
  C: C_IVA
  D: C_IVB
  E: C_IVE
  F: alpha
  G: beta
  H: delta1
  I: delta2
  J: gamma
  K: pdm-vaccine


Substitution rate (mu): 18.739381

Equilibrium frequencies (pi_i):
  A: 0.0907
  B: 0.0867
  C: 0.0754
  D: 0.0907
  E: 0.0906
  F: 0.1048
  G: 0.0724
  H: 0.1044
  I: 0.0932
  J: 0.0897
  K: 0.1013

Symmetrized rates from j->i (W_ij):
	A	B	C	D	E	F	G	H	I	J	K
  A	0	1.0896	0.8839	0.8927	0.8931	1.3383	0.8908	1.6881	0.8927	0.8943	0.892
  B	1.0896	0	0.888	0.8956	0.8959	0.8955	0.8933	1.7074	0.8956	0.8975	0.895
  C	0.8839	0.888	0	0.8838	0.8861	0.8819	1.7689	4.3652	1.407	1.7702	1.7694
  D	0.8927	0.8956	0.8838	0	0.8949	0.8948	0.8921	1.3068	0.8948	0.8949	0.8945
  E	0.8931	0.8959	0.8861	0.8949	0	0.8948	0.8925	1.3145	0.895	0.8953	0.8946
  F	1.3383	0.8955	0.8819	0.8948	0.8948	0	0.8917	0.8666	0.8948	0.8949	0.8946
  G	0.8908	0.8933	1.7689	0.8921	0.8925	0.8917	0	1.7477	0.8923	0.8923	0.8917
  H	1.6881	1.7074	4.3652	1.3068	1.3145	0.8666	1.7477	0	1.2643	1.7532	0.8672
  I	0.8927	0.8956	1.407	0.8948	0.895	0.8948	0.8923	1.2643	0	0.8951	0.8947
  J	0.8943	0.8975	1.7702	0.8949	0.8953	0.8949	0.8923	1.7532	0.8951	0	0.8947
  K	0.892	0.895	1.7694	0.8945	0.8946	0.8946	0.8917	0.8672	0.8947	0.8947	0

Actual rates from j->i (Q_ij):
	A	B	C	D	E	F	G	H	I	J	K
  A	0	0.0988	0.0802	0.081	0.081	0.1214	0.0808	0.1531	0.081	0.0811	0.0809
  B	0.0944	0	0.077	0.0776	0.0777	0.0776	0.0774	0.148	0.0776	0.0778	0.0776
  C	0.0667	0.067	0	0.0667	0.0668	0.0665	0.1334	0.3293	0.1061	0.1335	0.1335
  D	0.081	0.0812	0.0802	0	0.0812	0.0812	0.0809	0.1185	0.0812	0.0812	0.0811
  E	0.081	0.0812	0.0803	0.0811	0	0.0811	0.0809	0.1192	0.0811	0.0812	0.0811
  F	0.1402	0.0938	0.0924	0.0938	0.0938	0	0.0934	0.0908	0.0938	0.0938	0.0937
  G	0.0645	0.0647	0.128	0.0646	0.0646	0.0645	0	0.1265	0.0646	0.0646	0.0645
  H	0.1763	0.1783	0.4559	0.1365	0.1373	0.0905	0.1825	0	0.132	0.1831	0.0906
  I	0.0832	0.0835	0.1311	0.0834	0.0834	0.0834	0.0832	0.1178	0	0.0834	0.0834
  J	0.0802	0.0805	0.1588	0.0803	0.0803	0.0803	0.08	0.1572	0.0803	0	0.0802
  K	0.0904	0.0907	0.1793	0.0907	0.0907	0.0907	0.0904	0.0879	0.0907	0.0907	0

